30.932341	-27.999156	3.337046	11.730696	-27.717538	-1.149028	-29.470120	0.119843	-6.349725	308.570057	-197.559860	89.328959	-52.998227	8.543018	-12.750023	-56.300613	8.964674	-13.616108	-216.621176	175.196554	-46.941830	-420.158444	418.684904	-109.308525	-214.493730	180.841586	-63.187771
30.932341	-27.999156	3.337046	11.730696	-27.717538	-1.149028	-29.470120	0.119843	-6.349725	308.570057	-197.559860	89.328959	-52.998227	8.543018	-12.750023	-56.300613	8.964674	-13.616108	-216.621176	175.196554	-46.941830	-420.158444	418.684904	-109.308525	-214.493730	180.841586	-63.187771
30.932341	-27.999156	3.337046	11.730696	-27.717538	-1.149028	-29.470120	0.119843	-6.349725	308.570057	-197.559860	89.328959	-52.998227	8.543018	-12.750023	-56.300613	8.964674	-13.616108	-216.621176	175.196554	-46.941830	-420.158444	418.684904	-109.308525	-214.493730	180.841586	-63.187771
30.932341	-27.999156	3.337046	11.730696	-27.717538	-1.149028	-29.470120	0.119843	-6.349725	308.570057	-197.559860	89.328959	-52.998227	8.543018	-12.750023	-56.300613	8.964674	-13.616108	-216.621176	175.196554	-46.941830	-420.158444	418.684904	-109.308525	-214.493730	180.841586	-63.187771
24.427990	-23.408715	1.996645	11.730696	-27.717538	-1.149028	-28.630269	-0.170613	-6.140051	308.570057	-197.559860	89.328959	-53.007216	8.498002	-12.769418	-56.334665	8.987015	-13.631324	-216.621176	175.196554	-46.941830	-420.158444	418.684904	-109.308525	-214.493730	180.841586	-63.187771
23.713850	-23.223406	1.899303	11.702404	-27.643942	-1.148740	-28.571779	-0.161582	-6.132620	308.570057	-197.559860	89.328959	-53.007216	8.498002	-12.769418	-56.334665	8.987015	-13.631324	-216.621176	175.196554	-46.941830	-420.158444	418.684904	-109.308525	-214.493730	180.841586	-63.187771
24.488505	-23.743498	2.054648	11.630170	-27.426201	-1.159638	-28.680212	-0.093502	-6.208420	308.570057	-197.559860	89.328959	-52.861206	8.443794	-12.731758	-56.351466	9.011062	-13.636863	-216.621176	175.196554	-46.941830	-486.394964	488.490199	-126.461539	-214.493730	180.841586	-63.187771
30.185798	-27.531501	3.192421	11.617653	-27.423451	-1.147873	-28.633722	-0.140943	-6.219178	308.570057	-197.559860	89.328959	-52.978403	8.468024	-12.785490	-56.303955	9.046373	-13.630284	-216.621176	175.196554	-46.941830	-544.979560	556.283088	-140.924018	-212.933891	178.927848	-62.742950
36.357355	-31.130702	4.345300	11.420118	-26.776438	-1.198174	-29.101785	0.195363	-6.396197	308.570057	-197.559860	89.328959	-52.884154	8.399727	-12.772549	-56.448091	9.287671	-13.727436	-223.925428	182.279898	-48.154495	-438.811147	444.529952	-113.819625	-212.933891	178.927848	-62.742950
38.642782	-32.335017	4.751478	11.486205	-26.387800	-1.419843	-29.101785	0.195363	-6.396197	308.570057	-197.559860	89.328959	-52.335772	7.820974	-12.556133	-56.964219	9.771238	-14.015958	-218.556324	176.233572	-47.293629	-420.178290	425.179522	-109.108415	-212.933891	178.927848	-62.742950
41.054112	-33.492199	5.161703	11.283227	-26.479510	-1.173469	-28.569208	0.222449	-6.342487	308.570057	-197.559860	89.328959	-52.329638	7.453919	-12.530203	-57.103991	9.916270	-14.119373	-216.104971	173.436787	-46.901768	-459.162949	469.576376	-119.633620	-212.933891	178.927848	-62.742950
42.205470	-33.708457	5.303715	11.098204	-26.610257	-1.373595	-28.569208	0.222449	-6.342487	308.570057	-197.559860	89.328959	-52.438787	7.278878	-12.549584	-57.078728	9.935555	-14.114937	-214.217950	172.495272	-46.940944	-496.176156	512.381031	-129.739028	-198.417297	161.545534	-58.811318
41.948335	-33.047613	5.174353	11.758541	-27.219948	-1.818274	-28.209458	0.083278	-6.262764	308.570057	-197.559860	89.328959	-52.752006	7.291087	-12.653550	-57.117676	9.958617	-14.130539	-212.197364	169.997584	-46.618606	-583.719462	610.395652	-153.086789	-198.080931	161.120520	-58.710987
39.269905	-31.165507	4.624185	11.930247	-27.257396	-1.977187	-28.299662	0.243322	-6.314993	308.570057	-197.559860	89.328959	-52.752006	7.291087	-12.653550	-57.117676	9.958617	-14.130539	-212.197364	169.997584	-46.618606	-583.719462	610.395652	-153.086789	-198.080931	161.120520	-58.710987
39.725110	-31.204956	4.673416	11.749958	-26.882097	-1.939269	-28.074122	0.246586	-6.285991	308.570057	-197.559860	89.328959	-52.799530	7.165980	-12.662650	-57.215388	10.012866	-14.168810	-210.693821	168.077680	-46.380599	-622.581904	654.712456	-163.590042	-198.080931	161.120520	-58.710987
39.192764	-30.873612	4.570896	10.370296	-25.831296	-2.459594	-28.108852	0.366131	-6.323821	308.570057	-197.559860	89.328959	-52.949942	6.906533	-12.720828	-57.967368	10.414464	-14.566125	-214.021188	172.164625	-47.517142	-861.085924	922.644488	-227.354051	-198.143704	161.240267	-58.745237
39.884979	-31.072379	4.667692	10.869529	-26.989363	-2.567241	-28.034006	0.536081	-6.356801	308.570057	-197.559860	89.328959	-52.949942	6.906533	-12.720828	-57.967368	10.414464	-14.566125	-217.578702	176.499015	-48.526300	-861.085924	922.644488	-227.354051	-198.143704	161.240267	-58.745237
40.978423	-31.477852	4.834991	10.869529	-26.989363	-2.567241	-28.363089	0.749708	-6.456229	308.570057	-197.559860	89.328959	-53.103398	6.818807	-12.765861	-57.685784	10.473476	-14.493069	-213.536955	172.701148	-47.639204	-815.499684	878.733731	-216.429470	-195.851847	158.531399	-58.131988
44.026687	-32.909809	5.348657	10.309781	-26.474793	-2.175058	-28.469447	0.872917	-6.512912	308.570057	-197.559860	89.328959	-53.098463	6.818395	-12.763298	-57.679245	10.474365	-14.491338	-211.209076	170.005852	-47.236676	-815.499684	878.733731	-216.429470	-195.703227	158.353580	-58.091386
49.461692	-36.027472	6.353077	12.591657	-27.283946	-2.067982	-28.612733	1.073901	-6.612005	308.570057	-197.559860	89.328959	-53.510776	6.895613	-12.928759	-57.652935	10.481519	-14.484447	-210.259473	168.690091	-47.101880	-734.521086	793.104390	-195.710316	-186.113383	146.822688	-55.446720
51.015230	-36.502495	6.574618	12.665523	-27.300522	-2.132515	-29.492293	2.097530	-7.012038	308.570057	-197.559860	89.328959	-54.768026	6.843786	-13.402174	-57.389279	10.297693	-14.446574	-200.246620	157.162414	-45.415155	-1517.834622	1759.561057	-397.234024	-180.786162	140.508940	-53.997888
54.681665	-38.217090	7.190908	17.165999	-28.406799	-1.288898	-29.492293	2.097530	-7.012038	308.570057	-197.559860	89.328959	-54.768026	6.843786	-13.402174	-57.425326	10.323041	-14.462018	-200.246620	157.162414	-45.415155	-1532.750707	1777.527518	-401.154349	-180.786162	140.508940	-53.997888
55.151927	-37.982079	7.198595	18.201633	-29.533942	-1.305715	-30.480071	3.000598	-7.346910	308.570057	-197.559860	89.328959	-54.749608	6.532428	-13.379393	-58.014028	10.681221	-14.776286	-198.662342	155.612029	-45.140486	-3707.244516	4397.562072	-979.756127	-180.786162	140.508940	-53.997888
54.693466	-37.648853	7.102945	18.201633	-29.533942	-1.305715	-30.480071	3.000598	-7.346910	308.570057	-197.559860	89.328959	-54.628881	6.428218	-13.326062	-57.725925	10.508758	-14.659402	-198.473621	155.612162	-45.102180	-44984.096423	53780.559562	-11899.522819	-180.786162	140.508940	-53.997888
53.148825	-36.606793	6.793385	17.739062	-29.420200	-0.949370	-29.813201	2.612322	-7.163167	308.570057	-197.559860	89.328959	-54.611552	6.418823	-13.313478	-57.709095	10.498179	-14.654191	-198.223296	155.303886	-45.060608	10088.554228	-12081.669816	2665.245657	-179.606767	139.143264	-53.683911
53.148825	-36.606793	6.793385	17.739062	-29.420200	-0.949370	-28.844768	2.019227	-6.882658	308.570057	-197.559860	89.328959	-54.611552	6.418823	-13.313478	-57.709095	10.498179	-14.654191	-198.223296	155.303886	-45.060608	10088.554228	-12081.669816	2665.245657	-179.606767	139.143264	-53.683911
48.211725	-33.999356	5.916890	17.739062	-29.420200	-0.949370	-28.546334	1.604473	-6.715584	308.570057	-197.559860	89.328959	-54.316305	6.357820	-13.191325	-58.089107	10.846491	-14.820814	-206.014448	164.324187	-47.102195	4341.945287	-5215.725936	1138.836218	-180.848108	140.621048	-54.024575
47.359038	-33.825620	5.808536	17.739062	-29.420200	-0.949370	-28.512323	1.581347	-6.706680	308.570057	-197.559860	89.328959	-54.168547	6.367333	-13.125643	-57.948236	10.834436	-14.775458	-208.200852	167.507401	-47.466719	6476.939752	-7731.929730	1693.058395	-181.918181	141.908297	-54.321394
46.685109	-33.444472	5.684944	17.739062	-29.420200	-0.949370	-28.229613	1.245563	-6.572761	308.570057	-197.559860	89.328959	-54.234559	6.471831	-13.148594	-57.958390	10.843621	-14.778788	-207.801878	167.154852	-47.394414	7369.300243	-8791.754523	1926.146555	-181.918181	141.908297	-54.321394
46.237302	-33.308198	5.621039	17.739062	-29.420200	-0.949370	-28.369688	1.280504	-6.594819	308.570057	-197.559860	89.328959	-54.177634	6.426379	-13.124215	-57.951371	10.844283	-14.776842	-207.959416	167.331268	-47.421982	-13837.718355	16408.528006	-3615.596367	-181.918181	141.908297	-54.321394
48.269888	-34.459696	5.994140	17.739062	-29.420200	-0.949370	-28.666259	1.434006	-6.674013	308.570057	-197.559860	89.328959	-54.210881	6.445647	-13.137149	-57.960466	10.856081	-14.781435	-207.801878	167.154852	-47.394414	-13837.718355	16408.528006	-3615.596367	-182.426883	142.514279	-54.460939
41.217903	-32.141879	4.162755	17.739062	-29.420200	-0.949370	-28.222726	1.178812	-6.545457	308.570057	-197.559860	89.328959	-54.210881	6.445647	-13.137149	-57.960466	10.856081	-14.781435	-207.801878	167.154852	-47.394414	-13837.718355	16408.528006	-3615.596367	-182.426883	142.514279	-54.460939
41.793285	-32.564597	4.250419	17.739062	-29.420200	-0.949370	-28.792487	1.435072	-6.684631	308.570057	-197.559860	89.328959	-54.400767	6.611888	-13.216229	-57.922571	10.839841	-14.767839	-207.459429	166.802778	-47.333636	-13837.718355	16408.528006	-3615.596367	-182.426883	142.514279	-54.460939
42.067932	-32.816353	4.288174	17.739062	-29.420200	-0.949370	-29.483170	1.800901	-6.858908	308.570057	-197.559860	89.328959	-54.451595	6.642517	-13.232560	-57.984960	10.871883	-14.791349	-207.801878	167.154852	-47.394414	-13837.718355	16408.528006	-3615.596367	-182.426883	142.514279	-54.460939
42.638935	-32.901014	4.349850	17.739062	-29.420200	-0.949370	-29.720808	1.902161	-6.908636	308.570057	-197.559860	89.328959	-54.575272	6.698592	-13.275902	-57.982180	10.861185	-14.788470	-206.946033	166.102710	-47.247151	-1997.422253	2350.140935	-522.115222	-182.426883	142.514279	-54.460939
44.866186	-33.930433	4.699250	17.739062	-29.420200	-0.949370	-29.720808	1.902161	-6.908636	308.570057	-197.559860	89.328959	-54.682311	6.716667	-13.306856	-57.870609	10.746029	-14.735243	-206.946033	166.102710	-47.247151	-1832.160397	2149.024054	-479.293195	-182.426883	142.514279	-54.460939
43.681940	-33.525245	4.257259	17.739062	-29.420200	-0.949370	-29.962791	2.121044	-6.988264	308.570057	-197.559860	89.328959	-54.843587	6.800001	-13.362835	-57.610846	10.416484	-14.605798	-206.946033	166.102710	-47.247151	-1590.277269	1868.322648	-419.439142	-182.426883	142.514279	-54.460939
44.040325	-33.459238	4.276324	17.806374	-29.142997	-1.146605	-29.931237	2.101327	-6.979844	308.570057	-197.559860	89.328959	-55.012158	6.765962	-13.410836	-57.735862	10.321621	-14.628243	-206.946033	166.102710	-47.247151	-1909.231604	2258.285322	-505.139702	-182.426883	142.514279	-54.460939
45.998485	-34.235195	4.556967	17.806374	-29.142997	-1.146605	-29.472341	1.870899	-6.858019	308.570057	-197.559860	89.328959	-55.008642	6.771924	-13.412200	-57.521045	10.143729	-14.535146	-206.946033	166.102710	-47.247151	-2838.314197	3397.137203	-755.316538	-182.426883	142.514279	-54.460939
48.083176	-34.884421	4.828429	17.806374	-29.142997	-1.146605	-29.085955	1.847462	-6.802043	5479.663116	-3369.800561	1537.707438	-55.086779	6.716540	-13.434795	-56.871487	9.661131	-14.276384	-206.946033	166.102710	-47.247151	-2838.314197	3397.137203	-755.316538	-182.426883	142.514279	-54.460939
50.263956	-35.572541	5.113931	18.088909	-28.990427	-1.474553	-28.316565	1.463567	-6.599609	5479.663116	-3369.800561	1537.707438	-55.003250	6.570724	-13.396390	-57.401441	9.921413	-14.482279	-206.946033	166.102710	-47.247151	-4839.894203	5895.113592	-1302.429531	-182.426883	142.514279	-54.460939
52.254714	-36.207666	5.375748	19.128392	-30.135465	-1.820347	-28.149561	1.378350	-6.555817	5479.663116	-3369.800561	1537.707438	-54.840172	6.356525	-13.325489	-57.822412	10.101323	-14.640813	-207.659064	167.152410	-47.365118	-3742.645401	4573.339718	-1011.216860	-182.426883	142.514279	-54.460939
54.426891	-36.907292	5.662560	18.266623	-29.328534	-1.464510	-28.113664	1.354229	-6.546315	5479.663116	-3369.800561	1537.707438	-54.960570	6.403605	-13.365522	-57.966937	9.932964	-14.657792	-207.659064	167.152410	-47.365118	22291.408130	-27609.291997	6049.301182	-182.426883	142.514279	-54.460939
45.139076	-32.898801	3.497314	18.266623	-29.328534	-1.464510	-28.193470	1.434567	-6.565346	5479.663116	-3369.800561	1537.707438	-55.125065	6.493427	-13.436460	-58.089426	10.003537	-14.703370	-207.659064	167.152410	-47.365118	22291.408130	-27609.291997	6049.301182	-182.426883	142.514279	-54.460939
43.406403	-31.750284	3.198318	18.266623	-29.328534	-1.464510	-27.614100	1.127364	-6.404122	5479.663116	-3369.800561	1537.707438	-55.083875	6.430992	-13.418502	-58.169985	10.062260	-14.735970	-207.659064	167.152410	-47.365118	2484.814093	-3113.267579	675.543353	-182.426883	142.514279	-54.460939
40.706384	-30.378671	2.789566	18.266623	-29.328534	-1.464510	-27.833268	1.285626	-6.465332	5479.663116	-3369.800561	1537.707438	-55.083875	6.430992	-13.418502	-58.169985	10.062260	-14.735970	-207.659064	167.152410	-47.365118	2495.198647	-3125.486568	678.245664	-182.426883	142.514279	-54.460939
38.878407	-29.442850	2.511692	18.266623	-29.328534	-1.464510	-27.610431	1.139767	-6.398694	5479.663116	-3369.800561	1537.707438	-54.848170	6.256067	-13.322508	-58.300651	10.165741	-14.788665	-207.659064	167.152410	-47.365118	2495.198647	-3125.486568	678.245664	-182.426883	142.514279	-54.460939
37.681677	-28.938670	2.346393	18.266623	-29.328534	-1.464510	-27.448044	1.043018	-6.351494	5479.663116	-3369.800561	1537.707438	-54.848170	6.256067	-13.322508	-58.286307	10.154247	-14.782699	-207.659064	167.152410	-47.365118	2495.198647	-3125.486568	678.245664	-182.426883	142.514279	-54.460939
38.247606	-29.424719	2.462598	18.266623	-29.328534	-1.464510	-27.663027	1.127634	-6.403832	5479.663116	-3369.800561	1537.707438	-54.871543	6.269687	-13.330766	-58.367865	10.231332	-14.821646	-207.659064	167.152410	-47.365118	2789.828078	-3466.213909	753.834115	-161.861217	118.042466	-48.788142
38.990029	-29.883749	2.587637	18.266623	-29.328534	-1.464510	-27.573210	1.056581	-6.376120	5479.663116	-3369.800561	1537.707438	-54.871543	6.269687	-13.330766	-58.360750	10.226875	-14.818719	-207.659064	167.152410	-47.365118	2789.828078	-3466.213909	753.834115	-161.861217	118.042466	-48.788142
38.175161	-29.404061	2.454110	18.266623	-29.328534	-1.464510	-27.395810	0.999012	-6.334288	5479.663116	-3369.800561	1537.707438	-54.854591	6.249087	-13.323579	-58.361888	10.226551	-14.817542	-207.659064	167.152410	-47.365118	2901.135863	-3604.931352	784.225767	-161.958985	118.157977	-48.815144
38.722259	-30.057946	2.594922	18.266623	-29.328534	-1.464510	-27.405669	0.945682	-6.334008	5479.663116	-3369.800561	1537.707438	-54.814247	6.245509	-13.307951	-58.381417	10.252639	-14.827415	-207.659064	167.152410	-47.365118	3096.719956	-3836.739083	835.442891	-162.525051	118.854585	-48.975943
40.523022	-31.168230	2.897918	18.266623	-29.328534	-1.464510	-27.188001	0.799386	-6.278526	5479.663116	-3369.800561	1537.707438	-54.751251	6.193604	-13.281709	-58.495241	10.344343	-14.876382	-207.659064	167.152410	-47.365118	-98545.269753	120576.900190	-26503.547469	-162.525051	118.854585	-48.975943
41.292420	-31.737058	3.042045	18.266623	-29.328534	-1.464510	-27.617276	1.027372	-6.419459	5479.663116	-3369.800561	1537.707438	-54.755564	6.200982	-13.286968	-58.430174	10.256406	-14.842341	-207.659064	167.152410	-47.365118	-3282.543382	3980.635869	-882.038254	-162.525051	118.854585	-48.975943
42.076550	-32.316241	3.188905	18.266623	-29.328534	-1.464510	-27.636730	1.041471	-6.424873	5479.663116	-3369.800561	1537.707438	-54.773293	6.195559	-13.292319	-58.365963	10.209727	-14.814872	-207.659064	167.152410	-47.365118	-8607.944038	10517.999599	-2317.883505	-162.525051	118.854585	-48.975943
42.151011	-32.337575	3.197619	18.266623	-29.328534	-1.464510	-27.489833	1.016798	-6.407718	5479.663116	-3369.800561	1537.707438	-54.721156	6.191145	-13.276835	-58.345742	10.190063	-14.805629	-207.659064	167.152410	-47.365118	-7139.863587	8728.641850	-1924.409394	-162.525051	118.854585	-48.975943
43.638312	-33.035295	3.413886	18.266623	-29.328534	-1.464510	-27.128574	0.836382	-6.331642	5479.663116	-3369.800561	1537.707438	-54.792070	6.247640	-13.316158	-58.181686	10.074533	-14.735192	-207.659064	167.152410	-47.365118	-2647.761448	3220.944287	-714.478715	-162.525051	118.854585	-48.975943
48.415153	-35.362678	4.399878	18.266623	-29.328534	-1.464510	-27.525356	1.138627	-6.471967	5479.663116	-3369.800561	1537.707438	-54.652038	6.131500	-13.270121	-58.014802	9.976898	-14.659227	-207.659064	167.152410	-47.365118	-3725.511691	4561.715319	-1008.334080	-162.525051	118.854585	-48.975943
47.893316	-35.024705	4.284727	19.340919	-30.039638	-2.050324	-26.934901	0.966026	-6.374651	5479.663116	-3369.800561	1537.707438	-54.543253	6.026566	-13.244057	-58.133538	10.121990	-14.711181	-202.412272	160.776464	-45.955061	-5525.667818	6801.127815	-1499.151973	-162.525051	118.854585	-48.975943
48.386023	-35.266054	4.359377	19.340919	-30.039638	-2.050324	-26.934901	0.966026	-6.374651	5479.663116	-3369.800561	1537.707438	-54.527088	5.994792	-13.243841	-58.227310	10.210056	-14.765300	-202.769221	161.117551	-46.036907	-4677.372736	5767.684102	-1271.913102	-162.525051	118.854585	-48.975943
48.386023	-35.266054	4.359377	19.340919	-30.039638	-2.050324	-26.652640	0.772710	-6.303258	5479.663116	-3369.800561	1537.707438	-54.502136	5.980537	-13.245495	-57.980896	9.996555	-14.663452	-202.769221	161.117551	-46.036907	-31762.977842	39421.962923	-8649.437130	-162.525051	118.854585	-48.975943
48.386023	-35.266054	4.359377	19.340919	-30.039638	-2.050324	-26.914683	0.982425	-6.395707	5479.663116	-3369.800561	1537.707438	-54.321203	5.833292	-13.188250	-57.744636	9.849588	-14.569198	-202.769221	161.117551	-46.036907	-14827.119179	18333.642537	-4028.081994	-162.525051	118.854585	-48.975943
48.386023	-35.266054	4.359377	19.340919	-30.039638	-2.050324	-26.882221	0.990404	-6.413882	5479.663116	-3369.800561	1537.707438	-54.420923	5.846359	-13.243636	-57.673031	9.789400	-14.539389	-202.769221	161.117551	-46.036907	-9698.349801	11949.499365	-2628.984290	-162.525051	118.854585	-48.975943
48.386023	-35.266054	4.359377	19.340919	-30.039638	-2.050324	-26.641501	0.867326	-6.372990	-48339.823510	30014.859103	-13470.308972	-54.571551	5.841336	-13.314611	-57.467603	9.620899	-14.451553	-202.769221	161.117551	-46.036907	-19588.235496	24170.168301	-5310.236894	-162.525051	118.854585	-48.975943
48.386023	-35.266054	4.359377	19.340919	-30.039638	-2.050324	-27.908156	1.881656	-6.813027	-1547.090823	944.275378	-429.931867	-54.843972	5.944177	-13.439646	-57.055155	9.338588	-14.285414	-202.769221	161.117551	-46.036907	-9404.686367	11639.243552	-2559.120838	-162.525051	118.854585	-48.975943
48.386023	-35.266054	4.359377	19.340919	-30.039638	-2.050324	-28.635790	2.458913	-7.034961	-1547.090823	944.275378	-429.931867	-54.996598	6.035682	-13.505847	-56.865061	9.248248	-14.210523	-202.769221	161.117551	-46.036907	11744.147232	-14689.184306	3210.794745	-157.134390	112.464697	-47.481201
48.386023	-35.266054	4.359377	19.340919	-30.039638	-2.050324	-28.538279	2.386967	-7.007118	-1547.090823	944.275378	-429.931867	-55.084774	6.045120	-13.542580	-57.244384	9.514450	-14.392409	-202.769221	161.117551	-46.036907	3208.517661	-4056.165769	880.785674	-157.134390	112.464697	-47.481201
48.386023	-35.266054	4.359377	19.340919	-30.039638	-2.050324	-28.829427	2.649577	-7.094651	-1317.378572	807.745068	-364.803625	-55.045705	6.015013	-13.516903	-57.057826	9.426109	-14.321902	-202.222718	160.319633	-45.949477	1120.309550	-1447.874187	309.455090	-157.844372	113.372380	-47.687616
48.386023	-35.266054	4.359377	19.340919	-30.039638	-2.050324	-27.894226	2.126126	-6.843658	-1247.211799	764.082745	-345.262627	-54.948897	5.930432	-13.469837	-57.039854	9.413023	-14.316084	-205.694671	164.831244	-46.932214	717.669474	-942.319099	198.798710	-157.844372	113.372380	-47.687616
48.386023	-35.266054	4.359377	19.340919	-30.039638	-2.050324	-26.947352	1.606074	-6.587123	-1695.013371	1042.711307	-469.977416	-54.880319	5.879579	-13.439222	-57.043294	9.422930	-14.318472	-205.728313	164.739723	-46.940136	560.346157	-739.839857	154.642773	-158.059186	113.597196	-47.743149
39.882164	-30.174383	2.929043	19.340919	-30.039638	-2.050324	-26.132594	1.092772	-6.332915	-1953.281039	1205.017873	-541.617256	-54.681670	5.807476	-13.357862	-56.991263	9.394446	-14.298811	-205.912574	164.941948	-46.961756	505.819167	-668.392123	139.108270	-158.496367	114.141071	-47.868173
36.035104	-27.881850	2.284136	19.340919	-30.039638	-2.050324	-25.634806	0.808088	-6.180612	-1317.378572	807.745068	-364.803625	-54.667432	5.780061	-13.352301	-56.972394	9.389923	-14.291224	-206.389633	165.478976	-47.064608	334.713074	-455.934077	92.529124	-158.216207	113.810735	-47.790595
33.104989	-26.148561	1.795156	19.340919	-30.039638	-2.050324	-25.148407	0.633820	-6.054895	-962.935747	585.640276	-266.371095	-54.801038	5.784286	-13.402974	-56.809740	9.277430	-14.232258	-206.389633	165.478976	-47.064608	267.889724	-373.562138	74.447875	-157.424287	112.841354	-47.528737
32.354768	-25.648531	1.661567	19.340919	-30.039638	-2.050324	-24.246818	0.266565	-5.827276	-962.935747	585.640276	-266.371095	-54.759579	5.780814	-13.390529	-57.287789	9.401604	-14.502270	-206.308152	165.296431	-47.099896	235.721183	-333.760025	65.716220	-159.237724	115.480687	-48.099789
31.198293	-24.831331	1.448820	19.340919	-30.039638	-2.050324	-23.969597	0.182410	-5.761683	-191.324213	105.528124	-51.511896	-54.855646	5.826378	-13.427297	-57.146277	9.300717	-14.453107	-206.634680	165.566871	-47.177750	200.592906	-290.745410	56.262870	-151.761769	106.506231	-45.883191
30.448019	-24.213339	1.297846	19.340919	-30.039638	-2.050324	-23.527983	0.189560	-5.666425	-152.157446	80.970991	-40.648680	-55.141190	5.914750	-13.539504	-56.827524	9.101120	-14.330043	-206.251832	165.115330	-47.123805	174.176092	-258.778618	49.222808	-148.141822	101.431676	-44.755389
30.172732	-23.873324	1.225709	19.340919	-30.039638	-2.050324	-23.610598	0.229142	-5.688309	-150.766834	80.096713	-40.263493	-55.518222	6.082660	-13.692357	-56.342700	8.808993	-14.145370	-204.190935	162.927076	-46.719140	155.925835	-236.459292	44.315928	-149.493897	103.531456	-45.256355
29.498511	-23.483127	1.114732	19.340919	-30.039638	-2.050324	-23.157377	0.144130	-5.591755	-133.853331	69.388562	-35.591693	-55.466628	6.080403	-13.670079	-56.481899	8.933719	-14.204485	-205.563319	164.021808	-47.016550	145.419223	-223.257455	41.426629	-162.881529	119.119377	-49.623064
28.305780	-22.694797	0.904023	19.340919	-30.039638	-2.050324	-23.163612	0.152424	-5.580977	-137.957663	72.033639	-36.717599	-55.432956	6.062148	-13.652848	-55.716535	8.570287	-13.923856	-210.459210	168.764510	-48.219435	128.853282	-202.747215	36.926462	-175.136886	130.127777	-53.686497
25.093940	-20.348417	0.305382	19.340919	-30.039638	-2.050324	-22.714637	0.185698	-5.459606	-158.163828	84.441884	-42.363327	-55.480557	6.049390	-13.666031	-55.558532	8.444279	-13.868464	-209.836837	167.878929	-48.114834	96.848373	-163.401934	28.281702	-206.429680	154.404198	-64.096997
22.498683	-18.426398	-0.179481	19.992201	-30.202552	-2.526354	-22.750167	0.515114	-5.491112	-6221.116105	3911.236793	-1695.228220	-55.638576	6.061445	-13.717167	-55.219491	8.219590	-13.738594	-209.048247	166.650854	-47.985242	74.644538	-136.051404	22.272568	-232.219427	173.910248	-72.585641
20.048126	-16.616595	-0.633457	20.031751	-30.287820	-2.517744	-22.541463	0.868814	-5.468037	-983.850548	609.171914	-266.474373	-55.629241	6.057659	-13.712552	-55.219491	8.219590	-13.738594	-209.048247	166.650854	-47.985242	74.595270	-136.027643	22.265866	-232.219427	173.910248	-72.585641
18.750863	-15.546814	-0.887064	38.797438	-38.346786	1.844421	-22.330630	1.214615	-5.440763	-983.850548	609.171914	-266.474373	-56.047558	6.147888	-13.875909	-54.271390	7.386741	-13.333878	-279.702203	228.074593	-63.762931	50.005725	-105.683626	15.669190	-204.797897	142.099269	-63.753445
18.074979	-14.985964	-1.018715	38.648736	-38.045962	1.850371	-22.363345	1.470349	-5.463380	-225.126717	126.071075	-60.534148	-56.116568	6.179724	-13.903289	-54.220141	7.341079	-13.319413	-279.388806	227.558003	-63.710784	44.869194	-99.249904	14.267690	-238.639949	175.213232	-74.834627
17.166420	-14.302293	-1.185353	38.322325	-37.826127	1.794580	-22.484657	1.674199	-5.484384	-266.095538	151.592467	-71.664734	-56.124081	6.180964	-13.906456	-54.206676	7.328819	-13.313807	-279.388806	227.558003	-63.710784	44.568361	-98.879118	14.185847	-257.237280	184.887731	-81.124752
16.556114	-13.837090	-1.297299	38.195166	-37.619891	1.794266	-22.424330	2.039067	-5.504144	-380.311888	222.742881	-102.596764	-56.209539	6.181691	-13.939839	-54.139418	7.144175	-13.274822	-278.857157	226.650360	-63.696029	34.704622	-86.874069	11.545702	-267.172011	193.189468	-84.441720
16.097987	-13.362034	-1.396325	37.995580	-37.533055	1.747955	-22.424330	2.039067	-5.504144	-380.311888	222.742881	-102.596764	-56.209539	6.181691	-13.939839	-54.139418	7.144175	-13.274822	-278.857157	226.650360	-63.696029	34.748890	-86.912358	11.560708	-267.172011	193.189468	-84.441720
16.031350	-13.309996	-1.408540	38.098292	-37.579450	1.771511	-22.480992	2.077620	-5.505785	-331.485538	192.184607	-89.312490	-56.290252	6.227679	-13.971587	-53.956118	7.038780	-13.206705	-305.494218	249.481951	-69.595103	33.438786	-85.055619	11.138563	-266.694378	192.889523	-84.281983
15.896501	-13.173418	-1.436999	38.222306	-37.710520	1.780491	-22.594329	2.069523	-5.499168	-317.492154	183.277232	-85.516513	-56.255097	6.211175	-13.959041	-53.956196	7.070454	-13.210120	-307.098308	251.027683	-69.909165	36.749567	-89.092145	12.017769	-270.803705	196.222818	-85.677455
16.043203	-13.380441	-1.398879	38.315971	-37.828437	1.802158	-22.596575	1.944717	-5.485676	-318.263897	183.884685	-85.758241	-56.121084	6.180982	-13.903706	-53.818166	7.110003	-13.170489	-279.269384	227.397940	-63.716289	40.485018	-93.971253	13.013232	-269.190883	194.989918	-85.140122
16.460961	-13.704024	-1.322273	38.119152	-37.663857	1.756851	-22.693917	1.828723	-5.491297	-246.962483	139.255062	-66.447404	-56.047221	6.152300	-13.875539	-54.074731	7.303751	-13.272769	-279.631421	227.767287	-63.786727	41.982651	-95.760265	13.409157	-266.856626	193.208910	-84.343827
16.965106	-14.060471	-1.233614	38.212872	-37.781734	1.778530	-22.769922	1.748131	-5.508607	-215.175642	119.446361	-57.793826	-56.106148	6.181081	-13.898505	-54.051208	7.287167	-13.262365	-281.413495	229.490693	-64.161898	55.106960	-112.137354	17.063248	-263.648989	190.287302	-83.295264
18.694398	-15.447326	-0.905115	38.673795	-38.297560	1.834813	-22.804490	1.227717	-5.487562	-91.134378	41.800447	-23.907040	-55.360728	6.008913	-13.613922	-53.189630	7.108358	-12.964683	-257.526872	208.239568	-58.811208	83.951990	-147.593472	24.875916	-254.722008	193.984651	-80.251878
21.929755	-17.816148	-0.311794	38.473596	-38.048387	1.789694	-22.729874	0.639911	-5.439966	-91.134378	41.800447	-23.907040	-55.360728	6.008913	-13.613922	-53.189630	7.108358	-12.964683	-257.526872	208.239568	-58.811208	83.951990	-147.593472	24.875916	-254.722008	193.984651	-80.251878
26.506334	-21.099461	0.527487	38.473596	-38.048387	1.789694	-22.758630	-0.082233	-5.394432	-91.134378	41.800447	-23.907040	-54.513459	5.735452	-13.296219	-52.976569	7.172078	-12.898233	-217.634913	175.632544	-49.498638	327.722602	-447.500500	90.881789	-169.097462	124.065011	-51.646111
31.389558	-24.557326	1.423046	38.473596	-38.048387	1.789694	-23.206279	-0.411083	-5.485292	-131.228207	67.432005	-34.951142	-54.383549	5.669900	-13.263585	-52.770569	7.154348	-12.826932	-207.875937	166.849671	-47.176568	327.722602	-447.500500	90.881789	-162.067118	118.789790	-49.086609
31.389558	-24.557326	1.423046	38.473596	-38.048387	1.789694	-24.442832	-0.237707	-5.791447	-148.268326	78.123421	-39.680800	-54.393717	5.672467	-13.267812	-52.770569	7.154348	-12.826932	-207.749802	166.704801	-47.144058	327.722602	-447.500500	90.881789	-162.067118	118.789790	-49.086609
31.389558	-24.557326	1.423046	38.473596	-38.048387	1.789694	-25.892844	0.449193	-6.183965	-174.054801	94.423558	-46.820351	-54.786885	5.801508	-13.435799	-52.528988	7.073451	-12.739047	-207.250138	166.178572	-47.056560	1879.397967	-2353.410755	499.986802	-156.522566	112.334468	-47.572336
31.389558	-24.557326	1.423046	38.473596	-38.048387	1.789694	-25.727860	0.323354	-6.136825	-174.054801	94.423558	-46.820351	-54.675465	5.755493	-13.400167	-52.482467	7.040756	-12.721652	-207.250138	166.178572	-47.056560	2106.461796	-2630.660145	559.817111	-156.647369	112.496080	-47.609364
31.389558	-24.557326	1.423046	38.473596	-38.048387	1.789694	-25.527780	0.190094	-6.077066	-174.054801	94.423558	-46.820351	-54.639543	5.696673	-13.388835	-52.518930	7.061208	-12.735438	-207.250138	166.178572	-47.056560	2093.276904	-2614.419822	556.412093	-156.647369	112.496080	-47.609364
39.317011	-32.513225	3.246743	38.473596	-38.048387	1.789694	-25.683873	0.134586	-6.102977	-178.025141	96.908393	-47.923940	-54.432610	5.539900	-13.303712	-52.195471	6.863987	-12.613254	-207.220180	166.176788	-47.050442	2050.349409	-2562.563787	544.869921	-156.647369	112.496080	-47.609364
39.252152	-32.676882	3.267463	38.473596	-38.048387	1.789694	-25.920046	0.188998	-6.137186	-163.569784	87.778039	-43.920068	-54.189295	5.343121	-13.188085	-51.424099	6.429781	-12.323079	-207.064122	166.002522	-47.023398	-6063.037800	7264.732927	-1574.341611	-156.647369	112.496080	-47.609364
37.777386	-31.889107	3.033564	38.473596	-38.048387	1.789694	-26.228408	0.364340	-6.182876	-175.498050	95.414309	-47.206895	-54.189295	5.343121	-13.188085	-51.424099	6.429781	-12.323079	-207.220180	166.176788	-47.050442	-6063.037800	7264.732927	-1574.341611	-156.647369	112.496080	-47.609364
45.193036	-34.313541	5.023996	38.473596	-38.048387	1.789694	-26.020113	0.162188	-6.105580	-175.498050	95.414309	-47.206895	-54.105280	5.314671	-13.149144	-50.204432	5.676073	-11.858409	-207.533126	166.526254	-47.104671	-66574.249128	79896.529562	-17176.144083	-168.880490	127.082215	-51.010604
45.417659	-34.939135	5.141774	38.473596	-38.048387	1.789694	-27.176186	0.851531	-6.421640	-157.929282	84.320305	-42.340513	-54.246073	5.268100	-13.202932	-49.063548	5.002402	-11.432443	-207.220180	166.176788	-47.050442	-3302.765122	3870.334026	-841.299304	-168.880490	127.082215	-51.010604
44.805622	-34.721494	5.354353	38.473596	-38.048387	1.789694	-28.897182	1.962493	-6.903473	-156.408619	83.147155	-41.954601	-54.236274	5.088539	-13.193823	-48.438681	4.510044	-11.199425	-209.521499	168.564009	-47.669209	-5535.031798	6542.489874	-1403.952027	-168.880490	127.082215	-51.010604
43.850735	-34.534058	5.238709	38.473596	-38.048387	1.789694	-28.893725	1.997925	-6.908757	-76.350952	32.605323	-19.793550	-54.042276	4.841262	-13.094986	-48.622190	4.372105	-11.287591	-208.386629	167.139871	-47.475057	-2163.004400	2509.488538	-541.705738	-182.006303	142.829049	-54.638816
43.237552	-34.115660	5.380292	38.212872	-37.781734	1.778530	-27.896933	1.303091	-6.621571	-116.149449	58.011809	-30.768444	-53.899265	4.693431	-13.023711	-49.528464	4.659993	-11.631749	-207.814235	166.066452	-47.386007	-1406.998577	1601.975230	-351.032847	-184.146550	145.406587	-55.229240
42.205106	-34.111140	5.283792	37.707793	-37.255940	1.749801	-28.587720	1.802255	-6.823699	15196.510073	-9476.687667	4190.101035	-53.326119	4.033100	-12.739707	-51.914704	5.529694	-12.569597	-207.814235	166.066452	-47.386007	-764.960111	832.499782	-189.016750	-197.182584	161.176342	-58.830892
40.328657	-33.687293	5.042683	37.707793	-37.255940	1.749801	-29.724770	2.585000	-7.148376	-97.501266	45.781557	-25.575517	-52.765289	3.489474	-12.508707	-51.914704	5.529694	-12.569597	-207.814235	166.066452	-47.386007	-764.593299	822.938564	-188.411556	-190.392819	152.823606	-56.897998
42.796353	-34.684806	5.948740	37.063596	-37.160883	2.198943	-31.667601	3.799497	-7.680550	-43.906663	11.044282	-10.932429	-52.502585	3.229680	-12.401552	-49.970264	4.176787	-11.756129	-207.814235	166.066452	-47.386007	-584.859648	615.680515	-144.163838	-190.392819	152.823606	-56.897998
41.312644	-34.272891	5.736926	36.653601	-36.855211	2.283087	-31.667601	3.799497	-7.680550	-1849.023295	1134.535208	-506.142074	-52.497093	3.228297	-12.398698	-49.970264	4.176787	-11.756129	-207.814235	166.066452	-47.386007	-584.859648	615.680515	-144.163838	-190.392819	152.823606	-56.897998
41.568704	-34.404356	6.096321	35.877955	-36.354712	2.514871	-31.741504	3.758050	-7.686871	-425.471009	255.736312	-114.409535	-53.345071	3.638109	-12.641110	-53.014867	4.309144	-12.909277	-211.646842	170.469948	-48.382479	-565.965260	584.841527	-137.838963	-174.880882	133.059135	-49.016429
40.122337	-33.920031	5.871421	36.592719	-37.678867	3.035161	-31.741504	3.758050	-7.686871	-425.471009	255.736312	-114.409535	-53.345071	3.638109	-12.641110	-53.014867	4.309144	-12.909277	-211.777893	170.620665	-48.416581	-565.965260	584.841527	-137.838963	-174.673429	132.870838	-48.955740
41.327569	-34.685296	6.385493	36.592719	-37.678867	3.035161	-32.145094	3.955384	-7.788517	-379.167771	225.961705	-101.880955	-53.177876	3.804595	-12.583887	-51.334543	3.608124	-12.196271	-212.436422	171.378163	-48.587971	-471.565182	474.938388	-113.680157	-162.088443	118.266059	-44.869753
40.610952	-34.754119	6.322869	35.678666	-36.763774	3.041017	-32.600224	4.221867	-7.910050	-232.050545	131.558932	-62.041468	-53.214834	3.777445	-12.581690	-50.537856	2.990374	-11.861996	-204.882684	162.849346	-47.710295	-446.751292	444.218616	-107.029528	-174.428943	132.299469	-47.759132
40.719810	-34.877905	6.654764	35.686121	-37.045328	3.278522	-33.224061	4.520204	-8.066029	-428.540688	256.477491	-115.455356	-53.242959	3.794730	-12.592679	-50.537856	2.990374	-11.861996	-204.882684	162.849346	-47.710295	-428.730637	422.337767	-102.272495	-161.625062	117.574576	-44.210276
40.180892	-34.646088	6.611133	35.172602	-36.529181	3.284219	-33.109466	4.437565	-8.033006	-428.540688	256.477491	-115.455356	-53.836518	4.025806	-12.825554	-51.145016	2.494956	-11.981494	-203.320907	161.121855	-47.304273	-369.777888	354.629465	-89.388029	-162.332342	118.240112	-44.403315
37.121709	-32.595834	5.943113	34.706925	-36.029839	3.263151	-33.109466	4.437565	-8.033006	-428.540688	256.477491	-115.455356	-53.836518	4.025806	-12.825554	-51.145016	2.494956	-11.981494	-203.320907	161.121855	-47.304273	-440.494282	426.402189	-106.181747	-162.616838	118.588361	-44.469085
35.928092	-31.615529	5.652744	34.887211	-36.264643	3.307706	-32.218292	3.914570	-7.794815	-428.540688	256.477491	-115.455356	-53.960738	4.126251	-12.881783	-50.825263	2.500411	-11.871698	-215.035392	173.039874	-50.189315	-524.705180	513.200632	-126.252372	-170.260818	127.243084	-46.224736
33.487342	-29.929643	5.111985	35.200450	-36.629865	3.347494	-32.218292	3.914570	-7.794815	-428.540688	256.477491	-115.455356	-53.948151	4.146903	-12.879127	-50.553852	2.517483	-11.781774	-212.543374	171.061394	-49.661833	-524.705180	513.200632	-126.252372	-164.829957	120.926821	-44.569542
31.331258	-28.573169	4.656205	17.463110	-28.502601	-1.014135	-43.356329	10.987609	-10.838016	-428.540688	256.477491	-115.455356	-54.019635	4.250593	-12.908340	-50.393003	2.497748	-11.722135	-210.430856	169.021514	-49.158468	-702.338757	697.274684	-169.003672	-173.147111	130.824854	-46.881155
29.456252	-27.215030	4.230918	17.463110	-28.502601	-1.014135	-39.508814	8.585734	-9.766737	-428.540688	256.477491	-115.455356	-54.019635	4.250593	-12.908340	-50.393003	2.497748	-11.722135	-210.430856	169.021514	-49.158468	-702.338757	697.274684	-169.003672	-173.147111	130.824854	-46.881155
28.428143	-26.675620	4.031058	17.463110	-28.502601	-1.014135	-38.505588	7.941292	-9.481858	-428.540688	256.477491	-115.455356	-54.175184	4.301482	-12.964109	-50.402133	2.499386	-11.726864	-211.034862	169.482536	-49.283431	-756.883337	756.207102	-182.520068	-173.028896	130.645272	-46.853006
28.990667	-27.005615	4.146063	17.463110	-28.502601	-1.014135	-38.423859	7.863532	-9.452067	-428.540688	256.477491	-115.455356	-54.148728	4.303565	-12.945727	-50.518108	2.492491	-11.766135	-211.034862	169.482536	-49.283431	-612.203118	610.821021	-148.437755	-173.466833	131.129698	-46.952949
34.727700	-30.018801	5.371400	17.463110	-28.502601	-1.014135	-39.150652	8.241439	-9.640346	-428.540688	256.477491	-115.455356	-54.148728	4.303565	-12.945727	-50.518108	2.492491	-11.766135	-211.034862	169.482536	-49.283431	-612.203118	610.821021	-148.437755	-173.466833	131.129698	-46.952949
36.939689	-31.458868	5.727892	17.463110	-28.502601	-1.014135	-41.768764	9.797145	-10.363919	-428.540688	256.477491	-115.455356	-54.095569	4.298483	-12.921510	-50.598178	2.490883	-11.797984	-211.034862	169.482536	-49.283431	-612.203118	610.821021	-148.437755	-170.427061	127.619565	-46.255372
41.677480	-34.343166	6.713228	17.463110	-28.502601	-1.014135	-47.646193	13.308045	-12.000565	-428.540688	256.477491	-115.455356	-53.989027	4.246463	-12.857660	-50.714767	2.482359	-11.841655	-199.996134	157.292220	-46.416654	-612.203118	610.821021	-148.437755	-170.427061	127.619565	-46.255372
39.725041	-33.758507	6.165792	17.463110	-28.502601	-1.014135	-48.867079	14.038546	-12.342945	-428.540688	256.477491	-115.455356	-54.205101	4.441602	-12.935777	-50.938859	2.449314	-11.905830	-190.570096	146.414787	-43.899095	-612.203118	610.821021	-148.437755	-170.640034	127.865397	-46.304265
39.487904	-33.517032	6.054691	17.463110	-28.502601	-1.014135	-45.466049	11.832518	-11.370712	-428.540688	256.477491	-115.455356	-54.205101	4.441602	-12.935777	-50.938859	2.449314	-11.905830	-190.570096	146.414787	-43.899095	-612.203118	610.821021	-148.437755	-170.640034	127.865397	-46.304265
40.310903	-34.111955	6.261572	17.463110	-28.502601	-1.014135	-49.136126	14.058175	-12.408772	-428.540688	256.477491	-115.455356	-54.249043	4.471418	-12.944528	-51.368297	2.438788	-12.037442	-190.175149	146.025162	-43.803739	-612.203118	610.821021	-148.437755	-170.429914	127.644167	-46.256483
39.366198	-33.406302	6.028181	17.463110	-28.502601	-1.014135	-45.687933	11.880889	-11.424560	-428.540688	256.477491	-115.455356	-54.843856	4.767850	-13.156285	-51.346942	1.978570	-11.947868	-190.374393	146.191082	-43.847185	-612.203118	610.821021	-148.437755	-170.317869	127.472263	-46.229843
37.643613	-32.091238	5.632867	17.463110	-28.502601	-1.014135	-44.289403	11.097013	-11.038152	-428.540688	256.477491	-115.455356	-55.109818	4.901047	-13.267034	-51.416126	1.997770	-11.972004	-189.976560	145.859786	-43.760436	-612.203118	610.821021	-148.437755	-168.743352	125.655421	-45.868310
38.962984	-32.432763	5.827173	17.463110	-28.502601	-1.014135	-43.332099	10.586938	-10.777650	-428.540688	256.477491	-115.455356	-55.296323	4.987431	-13.346233	-51.480056	2.017353	-11.993267	-191.671870	147.486217	-44.162753	-612.203118	610.821021	-148.437755	-168.743352	125.655421	-45.868310
38.078574	-32.285027	5.441760	17.463110	-28.502601	-1.014135	-46.139310	12.398413	-11.584038	-428.540688	256.477491	-115.455356	-55.454863	5.017097	-13.407968	-51.877094	2.037504	-12.120900	-190.766378	146.639183	-43.951165	-612.203118	610.821021	-148.437755	-168.743352	125.655421	-45.868310
38.571290	-32.416799	5.513444	17.463110	-28.502601	-1.014135	-48.774890	14.021345	-12.329190	-428.540688	256.477491	-115.455356	-55.453366	5.023328	-13.408386	-51.877094	2.037504	-12.120900	-190.766378	146.639183	-43.951165	-612.203118	610.821021	-148.437755	-168.743352	125.655421	-45.868310
37.936318	-32.042306	5.388012	17.463110	-28.502601	-1.014135	-46.664453	12.607110	-11.717683	-428.540688	256.477491	-115.455356	-55.616466	5.164965	-13.467936	-53.023630	2.210908	-12.484464	-190.756619	146.752655	-43.967545	-612.203118	610.821021	-148.437755	-168.743352	125.655421	-45.868310
36.696194	-31.109504	5.110636	18.033102	-29.889387	-0.836671	-43.226928	10.377785	-10.727377	-428.540688	256.477491	-115.455356	-55.497169	5.256461	-13.408615	-52.966061	2.174133	-12.457060	-190.756619	146.752655	-43.967545	-612.203118	610.821021	-148.437755	-168.743352	125.655421	-45.868310
37.629145	-31.658154	5.294643	18.033102	-29.889387	-0.836671	-41.780748	9.415915	-10.301942	-428.540688	256.477491	-115.455356	-55.733582	5.516863	-13.502889	-53.307236	2.338063	-12.561858	-173.569671	127.606461	-40.996208	-612.203118	610.821021	-148.437755	-158.270850	113.429953	-43.457555
37.581434	-31.158533	5.209614	18.033102	-29.889387	-0.836671	-41.823957	9.413544	-10.309811	-428.540688	256.477491	-115.455356	-56.590231	6.285973	-13.873350	-53.366770	2.141445	-12.447994	-171.710707	126.479654	-40.606726	-612.203118	610.821021	-148.437755	-158.270850	113.429953	-43.457555
38.543505	-31.810754	5.413119	18.033102	-29.889387	-0.836671	-41.422090	9.161833	-10.194850	-428.540688	256.477491	-115.455356	-57.003913	6.332529	-14.031668	-53.186102	2.177705	-12.393844	-169.359009	123.934453	-40.179644	-612.203118	610.821021	-148.437755	-158.270850	113.429953	-43.457555
36.711546	-30.539427	5.020965	18.033102	-29.889387	-0.836671	-40.513391	8.687711	-9.949668	-428.540688	256.477491	-115.455356	-57.003913	6.332529	-14.031668	-53.182325	2.177560	-12.391642	-169.359009	123.934453	-40.179644	-612.203118	610.821021	-148.437755	-158.270850	113.429953	-43.457555
35.383614	-29.349246	4.694236	18.033102	-29.889387	-0.836671	-38.024240	7.247411	-9.257027	-428.540688	256.477491	-115.455356	-57.126837	6.355631	-14.094485	-53.155601	2.169588	-12.382247	-169.141455	123.719811	-40.141188	-612.203118	610.821021	-148.437755	-158.270850	113.429953	-43.457555
35.902908	-29.584382	4.785416	18.033102	-29.889387	-0.836671	-38.318658	7.545910	-9.365172	-428.540688	256.477491	-115.455356	-57.355880	6.422828	-14.193034	-53.246179	2.248915	-12.419784	-168.719873	123.074318	-40.067105	-612.203118	610.821021	-148.437755	-158.270850	113.429953	-43.457555
36.654721	-29.975466	4.925436	18.033102	-29.889387	-0.836671	-38.115094	7.429474	-9.309721	-428.540688	256.477491	-115.455356	-57.504483	6.473540	-14.256305	-53.299360	2.297235	-12.440916	-168.767800	122.985756	-40.061450	-612.203118	610.821021	-148.437755	-158.270850	113.429953	-43.457555
37.799830	-30.571065	5.138677	18.033102	-29.889387	-0.836671	-38.067736	7.360104	-9.289517	-428.540688	256.477491	-115.455356	-57.643080	6.578915	-14.321620	-53.587814	2.417802	-12.539639	-166.798439	120.863549	-39.526574	-612.203118	610.821021	-148.437755	-158.270850	113.429953	-43.457555
39.278163	-31.267663	5.402475	18.033102	-29.889387	-0.836671	-38.107365	7.397756	-9.302363	-428.540688	256.477491	-115.455356	-57.647114	6.594923	-14.323704	-53.610878	2.433240	-12.548664	-165.978524	119.992554	-39.299327	-612.203118	610.821021	-148.437755	-158.270850	113.429953	-43.457555
41.781740	-32.733806	5.894613	18.033102	-29.889387	-0.836671	-39.451655	8.196302	-9.679508	-428.540688	256.477491	-115.455356	-57.623413	6.616643	-14.312535	-53.634716	2.436878	-12.555150	-166.293319	120.167148	-39.382845	-612.203118	610.821021	-148.437755	-158.270850	113.429953	-43.457555
36.844098	-31.293637	4.534705	18.033102	-29.889387	-0.836671	-41.273258	9.339755	-10.198805	-428.540688	256.477491	-115.455356	-57.727359	6.706029	-14.360527	-53.651674	2.444285	-12.561474	-165.773613	119.761350	-39.240531	-670.829246	720.058865	-170.652193	-158.270850	113.429953	-43.457555
37.397740	-31.610240	4.556182	18.033102	-29.889387	-0.836671	-40.439811	8.818662	-9.962493	-428.540688	256.477491	-115.455356	-57.727359	6.706029	-14.360527	-53.651674	2.444285	-12.561474	-165.773613	119.761350	-39.240531	-670.829246	720.058865	-170.652193	-158.270850	113.429953	-43.457555
39.076026	-32.441181	4.806901	18.033102	-29.889387	-0.836671	-41.052607	9.203795	-10.137614	-428.540688	256.477491	-115.455356	-57.837369	6.791397	-14.408523	-53.750876	2.508808	-12.598404	-165.983788	120.059975	-39.298103	-670.829246	720.058865	-170.652193	-158.270850	113.429953	-43.457555
40.411722	-33.004447	5.021675	18.033102	-29.889387	-0.836671	-40.387846	8.814571	-9.953933	-428.540688	256.477491	-115.455356	-58.109153	7.133263	-14.545114	-53.924585	2.631472	-12.664325	-166.101870	120.163948	-39.319245	-670.829246	720.058865	-170.652193	-158.270850	113.429953	-43.457555
41.484627	-33.500629	5.201175	18.033102	-29.889387	-0.836671	-40.443050	8.873433	-9.974052	-428.540688	256.477491	-115.455356	-57.889821	7.197941	-14.454805	-54.014021	2.693670	-12.693613	-167.887221	121.910636	-39.635402	-670.829246	720.058865	-170.652193	-158.270850	113.429953	-43.457555
40.075858	-32.901005	4.700753	18.033102	-29.889387	-0.836671	-38.539535	7.703800	-9.439008	-428.540688	256.477491	-115.455356	-57.949616	7.372927	-14.492289	-54.065614	2.858229	-12.700975	-169.678422	123.648940	-39.973793	-670.829246	720.058865	-170.652193	-158.270850	113.429953	-43.457555
40.486928	-33.011448	4.729069	18.033102	-29.889387	-0.836671	-37.910816	7.289516	-9.257712	-428.540688	256.477491	-115.455356	-58.032865	7.468375	-14.531451	-54.474583	3.169411	-12.864048	-169.678422	123.648940	-39.973793	-670.829246	720.058865	-170.652193	-158.270850	113.429953	-43.457555
40.139340	-32.557311	4.635185	18.033102	-29.889387	-0.836671	-37.384272	6.947504	-9.108957	-428.540688	256.477491	-115.455356	-57.994804	7.576740	-14.526503	-54.687975	3.574759	-12.924882	-170.915546	125.124160	-40.177440	-670.829246	720.058865	-170.652193	-158.270850	113.429953	-43.457555
38.914855	-31.779824	4.438411	18.033102	-29.889387	-0.836671	-35.980742	6.099400	-8.718513	-428.540688	256.477491	-115.455356	-57.957629	7.568627	-14.515636	-54.816973	3.708366	-12.979884	-171.177539	125.632573	-40.211737	-670.829246	720.058865	-170.652193	-158.270850	113.429953	-43.457555
36.391589	-30.243006	3.965294	18.033102	-29.889387	-0.836671	-34.753324	5.388043	-8.379050	-428.540688	256.477491	-115.455356	-57.986803	7.596152	-14.530637	-54.889208	3.787004	-13.009313	-171.410810	125.720228	-40.253909	-1025.131781	1133.762784	-263.724025	-158.270850	113.429953	-43.457555
34.170377	-29.277840	3.610179	18.033102	-29.889387	-0.836671	-35.712872	5.997934	-8.655243	-428.540688	256.477491	-115.455356	-58.109176	7.603012	-14.582470	-55.292470	4.201944	-13.183121	-171.145718	125.399969	-40.210482	-1190.082764	1317.883113	-305.589293	-146.996744	100.677649	-40.855063
33.795389	-29.272511	3.575229	18.033102	-29.889387	-0.836671	-35.943637	6.162702	-8.725661	-428.540688	256.477491	-115.455356	-58.138614	7.564774	-14.597220	-55.698623	4.591581	-13.357697	-170.359717	124.809107	-40.064709	-1190.082764	1317.883113	-305.589293	-146.996744	100.677649	-40.855063
34.206080	-29.473684	3.644506	18.033102	-29.889387	-0.836671	-36.182036	6.294565	-8.792989	-428.540688	256.477491	-115.455356	-58.266337	7.644943	-14.659496	-55.706228	4.598710	-13.361045	-170.135451	124.589091	-40.025516	-1190.082764	1317.883113	-305.589293	-149.686892	103.679322	-41.477664
36.860670	-31.033016	4.133400	18.033102	-29.889387	-0.836671	-34.892363	5.482191	-8.433646	-428.540688	256.477491	-115.455356	-58.195697	7.633193	-14.635408	-55.701676	4.598484	-13.358403	-170.937689	125.364250	-40.166236	-1190.082764	1317.883113	-305.589293	-149.686892	103.679322	-41.477664
40.332189	-32.904279	4.901533	18.033102	-29.889387	-0.836671	-35.059157	5.542924	-8.480474	-428.540688	256.477491	-115.455356	-58.194705	7.683902	-14.640801	-55.701676	4.598484	-13.358403	-171.291934	125.699933	-40.228642	-667.020026	721.648204	-170.691808	-149.686892	103.679322	-41.477664
41.668913	-33.673257	5.147644	18.033102	-29.889387	-0.836671	-35.916466	6.046176	-8.717481	-428.540688	256.477491	-115.455356	-58.194705	7.683902	-14.640801	-55.706228	4.598710	-13.361045	-171.291934	125.699933	-40.228642	-667.020026	721.648204	-170.691808	-149.686892	103.679322	-41.477664
42.269355	-33.842839	5.230148	18.033102	-29.889387	-0.836671	-34.726597	5.326428	-8.389178	-428.540688	256.477491	-115.455356	-58.220643	7.741549	-14.652686	-55.701676	4.598484	-13.358403	-171.291934	125.699933	-40.228642	-641.663413	693.973185	-164.364959	-149.686892	103.679322	-41.477664
42.403855	-33.782803	5.233026	18.033102	-29.889387	-0.836671	-33.567133	4.615825	-8.070973	-428.540688	256.477491	-115.455356	-58.193766	7.795386	-14.649843	-55.707770	4.612289	-13.359810	-172.590105	126.938666	-40.456659	-641.663413	693.973185	-164.364959	-146.537847	100.191973	-40.748581
42.803219	-33.994992	5.303741	18.033102	-29.889387	-0.836671	-33.325214	4.499117	-8.013222	-428.540688	256.477491	-115.455356	-58.184156	7.791003	-14.644898	-55.700172	4.605158	-13.356466	-172.295011	126.419439	-40.415707	-700.007350	761.121775	-179.523067	-146.537847	100.191973	-40.748581
42.327575	-33.761044	5.222506	18.033102	-29.889387	-0.836671	-33.749027	4.772622	-8.135073	-428.540688	256.477491	-115.455356	-58.127199	7.776307	-14.626528	-55.707770	4.612289	-13.359810	-172.125143	126.204607	-40.388305	-718.549227	781.920706	-184.246657	-146.537847	100.191973	-40.748581
42.403855	-33.782803	5.233026	18.033102	-29.889387	-0.836671	-33.749228	4.779846	-8.137486	-428.540688	256.477491	-115.455356	-58.142424	7.782732	-14.633800	-55.700172	4.605158	-13.356466	-172.519557	126.833047	-40.446035	-660.200539	714.482983	-169.038261	-146.537847	100.191973	-40.748581
42.667883	-34.054988	5.300783	18.033102	-29.889387	-0.836671	-34.370825	5.152740	-8.309859	-428.540688	256.477491	-115.455356	-58.184676	7.808924	-14.651980	-55.692578	4.598032	-13.353124	-172.519557	126.833047	-40.446035	-646.191024	698.982808	-165.506416	-146.537847	100.191973	-40.748581
42.573445	-33.929352	5.272040	18.033102	-29.889387	-0.836671	-34.762699	5.399470	-8.420475	-428.540688	256.477491	-115.455356	-58.184676	7.808924	-14.651980	-55.692578	4.598032	-13.353124	-172.519557	126.833047	-40.446035	-644.867759	697.336779	-165.141320	-146.537847	100.191973	-40.748581
43.068894	-34.268453	5.371855	18.033102	-29.889387	-0.836671	-35.386659	5.816118	-8.601252	-428.540688	256.477491	-115.455356	-58.182896	7.809052	-14.652879	-55.700172	4.605158	-13.356466	-172.490210	126.828416	-40.439814	-648.850895	702.291979	-166.240390	-146.537847	100.191973	-40.748581
43.437766	-34.275378	5.407062	18.033102	-29.889387	-0.836671	-34.921654	5.599022	-8.489828	-428.540688	256.477491	-115.455356	-58.280376	7.851655	-14.703572	-55.695623	4.604930	-13.353827	-172.560646	126.933941	-40.450414	-663.803930	720.907991	-170.369046	-146.537847	100.191973	-40.748581
44.981547	-35.018397	5.668095	18.033102	-29.889387	-0.836671	-35.186594	5.843089	-8.584027	-428.540688	256.477491	-115.455356	-58.385721	7.903451	-14.784408	-55.719933	4.619658	-13.365801	-172.835913	126.878079	-40.513037	-727.906638	800.950525	-188.114001	-146.537847	100.191973	-40.748581
46.210684	-35.477720	5.854887	18.033102	-29.889387	-0.836671	-35.083116	5.824435	-8.571539	-428.540688	256.477491	-115.455356	-58.361610	7.892946	-14.793466	-55.742770	4.641098	-13.375852	-173.192842	127.216433	-40.575615	-378.143443	376.781319	-101.932527	-146.537847	100.191973	-40.748581
47.470551	-35.950400	6.046666	18.033102	-29.889387	-0.836671	-36.291669	6.703233	-8.931431	-428.540688	256.477491	-115.455356	-58.420625	7.948230	-14.826041	-57.034682	5.840991	-13.932607	-172.631805	126.461448	-40.487021	-380.294966	380.777272	-102.809867	-143.842227	97.147385	-40.123419
48.324736	-36.206845	6.166563	18.033102	-29.889387	-0.836671	-37.271129	7.433176	-9.219242	-428.540688	256.477491	-115.455356	-58.529471	8.025112	-14.873345	-57.026844	5.838082	-13.928487	-172.686549	126.467187	-40.498600	-402.565109	407.798770	-109.396452	-143.998795	97.287074	-40.160083
50.900936	-37.089905	6.545668	18.033102	-29.889387	-0.836671	-37.177667	7.403461	-9.201883	-428.540688	256.477491	-115.455356	-58.529471	8.025112	-14.873345	-57.037454	5.848095	-13.933138	-173.427876	127.038405	-40.633821	-425.750476	436.703347	-116.392308	-169.509858	127.581162	-49.122107
52.209019	-37.399201	6.716347	17.501418	-29.683660	-0.459277	-38.154617	8.076191	-9.476190	-428.540688	256.477491	-115.455356	-58.406262	7.981366	-14.831905	-56.919102	5.734726	-13.877266	-173.427876	127.038405	-40.633821	-425.750476	436.703347	-116.392308	-169.229617	127.299575	-49.031899
54.335207	-38.067142	7.019958	17.384265	-29.362120	-0.512091	-36.880954	7.318332	-9.140068	-428.540688	256.477491	-115.455356	-58.165243	7.898902	-14.734759	-56.978559	5.847850	-13.907251	-173.427876	127.038405	-40.633821	-457.685778	477.983289	-126.295652	-159.728821	116.103495	-46.574255
55.357244	-38.296840	7.151675	17.074287	-28.265458	-0.778012	-36.193018	6.864375	-8.951320	695.683608	-440.335745	193.520057	-57.894418	7.816920	-14.626361	-57.750092	6.552730	-14.231591	-173.427876	127.038405	-40.633821	-443.919873	461.342438	-122.451771	-159.728821	116.103495	-46.574255
56.796394	-38.756997	7.358618	18.184747	-29.706145	-1.062051	-38.231726	8.265778	-9.521196	695.683608	-440.335745	193.520057	-57.798246	7.650811	-14.588542	-59.391152	7.911331	-14.986225	-173.427876	127.038405	-40.633821	-510.188798	543.080769	-142.201219	-153.221784	108.500386	-44.887493
59.511818	-39.540671	7.736137	17.737572	-29.448606	-0.789505	-36.697134	7.429632	-9.128405	695.683608	-440.335745	193.520057	-58.019616	7.784444	-14.670417	-59.509206	8.010497	-15.041420	-173.427876	127.038405	-40.633821	-583.206081	632.509119	-163.766434	-155.339027	110.735612	-45.972885
60.943853	-39.821994	7.914948	18.225607	-29.863836	-1.020529	-33.673394	5.622968	-8.334299	438.023122	-287.836474	121.390713	-58.285131	7.885873	-14.776489	-59.586010	8.078767	-15.074509	-173.427876	127.038405	-40.633821	-542.241907	588.950712	-152.775942	-149.557497	104.191335	-44.485096
65.462023	-41.871912	8.659166	17.850932	-28.961805	-1.133981	-38.060281	8.423632	-9.524625	438.023122	-287.836474	121.390713	-58.295520	7.888243	-14.780088	-59.575346	8.069011	-15.069818	-172.758827	126.574029	-40.509607	-579.881528	637.083261	-164.443761	-165.494488	123.277587	-49.475472
66.621292	-41.975048	8.784899	17.850932	-28.961805	-1.133981	-36.383115	7.497017	-9.100756	477.723564	-312.530624	132.282022	-58.215854	7.662443	-14.734557	-59.657378	8.156788	-15.105405	-176.181393	130.288366	-41.088469	-561.771894	614.482799	-159.469210	-165.494488	123.277587	-49.475472
66.935482	-41.986322	8.816455	18.113656	-28.877398	-1.411424	-35.962305	7.343863	-9.013021	95.902418	-70.727096	26.508859	-58.219090	7.670429	-14.741671	-60.342751	9.034952	-15.436852	-176.181393	130.288366	-41.088469	-654.322617	728.219203	-186.396008	-156.434923	112.452542	-47.005728
46.293562	-34.201517	3.968404	18.113656	-28.877398	-1.411424	-35.818473	7.363799	-8.996263	86.372566	-65.428233	23.887010	-58.201032	7.711042	-14.744849	-60.716743	9.709622	-15.647571	-176.181393	130.288366	-41.088469	-813.496454	920.193151	-232.463476	-152.822738	108.166740	-46.087441
44.461382	-33.125100	3.664637	18.113656	-28.877398	-1.411424	-33.702651	6.026450	-8.428279	85.485650	-65.005599	23.628069	-57.992302	7.566156	-14.656161	-60.925056	9.936440	-15.746748	-176.181393	130.288366	-41.088469	-1000.181049	1141.376269	-286.201009	-152.513040	107.854447	-46.009708
41.091682	-31.437259	3.150924	18.113656	-28.877398	-1.411424	-31.896323	4.994732	-7.959504	85.485650	-65.005599	23.628069	-57.940077	7.506710	-14.631305	-61.093367	10.006049	-15.808337	-176.181393	130.288366	-41.088469	-2466.458155	2872.532816	-709.233620	-152.513040	107.854447	-46.009708
38.881476	-30.287629	2.807362	18.113656	-28.877398	-1.411424	-31.748994	4.941442	-7.924377	85.485650	-65.005599	23.628069	-57.693716	7.224571	-14.519080	-61.321374	10.109087	-15.897094	-176.181393	130.288366	-41.088469	-3755.890892	4360.462869	-1074.875179	-152.849335	108.253840	-46.102054
38.186406	-29.920462	2.698444	18.113656	-28.877398	-1.411424	-30.783791	4.327081	-7.658030	85.485650	-65.005599	23.628069	-57.652561	7.183297	-14.500008	-61.313870	10.101209	-15.893780	-176.181393	130.288366	-41.088469	-25182.605037	29405.839954	-7210.133117	-152.849335	108.253840	-46.102054
37.013794	-29.335234	2.519938	18.113656	-28.877398	-1.411424	-30.208099	3.999586	-7.505833	85.485650	-65.005599	23.628069	-57.630018	7.171280	-14.487031	-61.320953	10.101970	-15.897753	-176.181393	130.288366	-41.088469	1318.476103	-1579.827076	379.746513	-151.960285	107.191829	-45.810464
36.290240	-28.884642	2.396048	18.113656	-28.877398	-1.411424	-28.786767	3.152187	-7.120417	85.485650	-65.005599	23.628069	-57.630018	7.171280	-14.487031	-61.320953	10.101970	-15.897753	-176.181393	130.288366	-41.088469	853.215945	-1031.865426	245.773692	-160.547147	117.444865	-48.573931
34.546564	-28.064322	2.138215	18.113656	-28.877398	-1.411424	-27.357434	2.319753	-6.724750	85.485650	-65.005599	23.628069	-57.545568	7.100863	-14.447585	-61.292221	10.091817	-15.882531	-176.181393	130.288366	-41.088469	763.752081	-921.004410	219.020024	-159.218190	114.738109	-47.921120
32.646864	-26.976558	1.827532	18.113656	-28.877398	-1.411424	-27.256472	2.219974	-6.684343	150.089059	-110.262223	39.582469	-57.535914	7.091220	-14.443379	-61.292221	10.091817	-15.882531	-176.181393	130.288366	-41.088469	778.121210	-937.582174	223.094750	-159.218190	114.738109	-47.921120
30.161810	-25.518111	1.415744	18.113656	-28.877398	-1.411424	-26.702168	1.860426	-6.511453	150.089059	-110.262223	39.582469	-57.551622	7.134360	-14.453021	-61.247638	10.051725	-15.862006	-176.181393	130.288366	-41.088469	607.771363	-736.714335	174.009644	-154.651671	109.785161	-46.357750
29.302531	-25.128578	1.290833	18.113656	-28.877398	-1.411424	-26.463697	1.722516	-6.437848	150.089059	-110.262223	39.582469	-57.577611	7.184746	-14.463134	-61.217565	10.020270	-15.848732	-176.181393	130.288366	-41.088469	499.706080	-610.179735	143.034427	-154.474357	109.650740	-46.298428
28.277819	-24.476926	1.113409	18.113656	-28.877398	-1.411424	-26.102039	1.541998	-6.339906	150.089059	-110.262223	39.582469	-57.577611	7.184746	-14.463134	-61.217565	10.020270	-15.848732	-176.181393	130.288366	-41.088469	499.706080	-610.179735	143.034427	-154.542084	109.732247	-46.323841
27.465148	-23.892498	0.962506	18.113656	-28.877398	-1.411424	-25.497159	1.239490	-6.180099	150.089059	-110.262223	39.582469	-57.573291	7.192720	-14.459775	-61.210039	10.012408	-15.845410	-176.181393	130.288366	-41.088469	438.705161	-539.314749	125.650680	-154.037073	109.050332	-46.176086
28.967056	-24.887858	1.228579	18.113656	-28.877398	-1.411424	-26.181958	1.554967	-6.354164	150.089059	-110.262223	39.582469	-57.648501	7.235140	-14.494952	-61.208476	9.990999	-15.847246	-176.181393	130.288366	-41.088469	700.204798	-839.925539	199.607526	-154.185829	109.474833	-46.219849
29.831472	-25.649038	1.410521	18.113656	-28.877398	-1.411424	-26.862374	1.840119	-6.506120	150.089059	-110.262223	39.582469	-57.464762	7.166094	-14.415480	-61.187441	9.988828	-15.835437	-176.181393	130.288366	-41.088469	2582.023676	-2982.542906	728.137060	-154.861260	110.173529	-46.390893
30.610561	-26.094660	1.537903	18.113656	-28.877398	-1.411424	-29.116040	2.967259	-7.062500	150.089059	-110.262223	39.582469	-57.280681	6.967257	-14.331668	-61.216545	10.006005	-15.849966	-175.298776	130.353982	-40.893785	-2632.631274	2957.110375	-736.863618	-154.956500	110.157077	-46.098221
32.364809	-27.207203	1.841480	18.113656	-28.877398	-1.411424	-31.991797	4.653089	-7.830938	150.089059	-110.262223	39.582469	-57.344579	6.977683	-14.352018	-61.208476	9.990999	-15.847246	-175.538950	130.591124	-40.935606	-1369.276215	1517.321284	-381.796579	-162.531308	119.722330	-48.420507
33.417819	-27.901450	2.027827	18.113656	-28.877398	-1.411424	-32.913532	5.173015	-8.072314	150.089059	-110.262223	39.582469	-57.368905	6.974826	-14.362096	-61.186362	9.974548	-15.836643	-175.444494	130.572347	-40.915669	-1149.797828	1267.951388	-320.247322	-163.296583	120.473139	-48.663781
33.859116	-28.187277	2.105149	18.113656	-28.877398	-1.411424	-32.434274	4.848177	-7.937042	150.089059	-110.262223	39.582469	-57.356872	6.970916	-14.357846	-61.186362	9.974548	-15.836643	-175.090590	130.123681	-40.858687	-1149.797828	1267.951388	-320.247322	-163.372787	120.566138	-48.692028
33.980013	-28.302487	2.132022	18.113656	-28.877398	-1.411424	-31.877777	4.463045	-7.778777	150.089059	-110.262223	39.582469	-57.413625	6.990830	-14.381079	-61.686455	10.385317	-16.051338	-175.059177	130.117447	-40.852051	-980.755605	1076.107351	-272.881426	-176.272854	132.278536	-52.803632
34.685631	-28.747308	2.253801	18.113656	-28.877398	-1.411424	-32.341451	4.740320	-7.906800	150.089059	-110.262223	39.582469	-57.443082	7.010231	-14.392979	-61.686455	10.385317	-16.051338	-175.059177	130.117447	-40.852051	-925.715210	1013.971414	-257.517696	-176.567503	132.633919	-52.887545
36.507260	-30.103180	2.600420	18.113656	-28.877398	-1.411424	-32.994221	5.060582	-8.077341	150.089059	-110.262223	39.582469	-57.430305	7.008861	-14.385967	-61.676508	10.378733	-16.047672	-175.059177	130.117447	-40.852051	-925.715210	1013.971414	-257.517696	-177.291808	133.450319	-53.086284
